8.756000000000000227e+00
9.108000000000000540e+00
9.460000000000000853e+00
9.812000000000001165e+00
1.016399999999999970e+01
1.051600000000000001e+01
1.086800000000000033e+01
1.122000000000000064e+01
1.157199999999999918e+01
1.192399999999999949e+01
1.227599999999999980e+01
1.262800000000000011e+01
1.298000000000000043e+01
1.333200000000000074e+01
1.368400000000000105e+01
1.403599999999999959e+01
1.438799999999999990e+01
1.474000000000000021e+01
1.509199999999999875e+01
1.544399999999999906e+01
1.579599999999999937e+01
1.614799999999999969e+01
1.650000000000000000e+01
1.685200000000000031e+01
1.720400000000000063e+01
1.755599999999999739e+01
1.790800000000000125e+01
1.825999999999999801e+01
1.861200000000000188e+01
1.896399999999999864e+01
1.931599999999999895e+01
1.966799999999999926e+01
2.001999999999999957e+01
2.037199999999999989e+01
2.072400000000000020e+01
2.107600000000000051e+01
2.142799999999999727e+01
2.178000000000000114e+01
2.213199999999999790e+01
2.248400000000000176e+01
2.283599999999999852e+01
2.318799999999999883e+01
2.353999999999999915e+01
2.389199999999999946e+01
2.424399999999999977e+01
2.459600000000000009e+01
2.494800000000000040e+01
2.530000000000000071e+01
2.565200000000000102e+01
2.600399999999999778e+01
2.635599999999999810e+01
2.670799999999999841e+01
2.705999999999999872e+01
2.741199999999999903e+01
2.776399999999999935e+01
2.811599999999999966e+01
2.846799999999999997e+01
2.882000000000000028e+01
2.917200000000000060e+01
2.952399999999999736e+01
2.987599999999999767e+01
3.022799999999999798e+01
3.057999999999999829e+01
3.093199999999999861e+01
3.128399999999999892e+01
3.163599999999999923e+01
3.198799999999999955e+01
3.234000000000000341e+01
3.269200000000000017e+01
3.304399999999999693e+01
3.339600000000000080e+01
3.374799999999999756e+01
3.409999999999999432e+01
3.445199999999999818e+01
3.480400000000000205e+01
3.515599999999999881e+01
3.550799999999999557e+01
3.585999999999999943e+01
3.621200000000000330e+01
3.656400000000000006e+01
3.691599999999999682e+01
3.726800000000000068e+01
3.761999999999999744e+01
3.797199999999999420e+01
3.832399999999999807e+01
3.867600000000000193e+01
3.902799999999999869e+01
3.937999999999999545e+01
3.973199999999999932e+01
4.008400000000000318e+01
4.043599999999999994e+01
4.078799999999999670e+01
4.114000000000000057e+01
4.149199999999999733e+01
4.184400000000000119e+01
4.219599999999999795e+01
4.254800000000000182e+01
4.289999999999999858e+01
4.325199999999999534e+01
4.360399999999999920e+01
4.395599999999999596e+01
4.430799999999999983e+01
4.465999999999999659e+01
4.501200000000000045e+01
4.536399999999999721e+01
4.571600000000000108e+01
4.606799999999999784e+01
4.641999999999999460e+01
4.677199999999999847e+01
4.712399999999999523e+01
4.747599999999999909e+01
4.782799999999999585e+01
4.817999999999999972e+01
4.853199999999999648e+01
4.888400000000000034e+01
4.923599999999999710e+01
4.958800000000000097e+01
4.993999999999999773e+01
5.029199999999999449e+01
5.064399999999999835e+01
5.099599999999999511e+01
5.134799999999999898e+01
5.169999999999999574e+01
5.205199999999999960e+01
5.240399999999999636e+01
5.275600000000000023e+01
5.310799999999999699e+01
5.346000000000000085e+01
5.381199999999999761e+01
5.416399999999999437e+01
5.451599999999999824e+01
5.486799999999999500e+01
5.521999999999999886e+01
5.557199999999999562e+01
5.592399999999999949e+01
5.627599999999999625e+01
5.662800000000000011e+01
5.697999999999999687e+01
5.733200000000000074e+01
5.768399999999999750e+01
5.803599999999999426e+01
5.838799999999999812e+01
5.873999999999999488e+01
5.909199999999999875e+01
5.944399999999999551e+01
5.979599999999999937e+01
6.014799999999999613e+01
6.050000000000000000e+01
6.085199999999999676e+01
6.120400000000000063e+01
6.155599999999999739e+01
6.190799999999999415e+01
6.225999999999999801e+01
6.261199999999999477e+01
6.296399999999999864e+01
6.331599999999999540e+01
6.366799999999999926e+01
6.401999999999999602e+01
6.437199999999999989e+01
6.472399999999998954e+01
6.507599999999999341e+01
6.542799999999999727e+01
6.578000000000000114e+01
6.613200000000000500e+01
6.648399999999999466e+01
6.683599999999999852e+01
6.718799999999998818e+01
6.753999999999999204e+01
6.789199999999999591e+01
6.824399999999999977e+01
6.859600000000000364e+01
6.894799999999999329e+01
6.929999999999999716e+01
6.965199999999998681e+01
7.000399999999999068e+01
7.035599999999999454e+01
7.070799999999999841e+01
7.106000000000000227e+01
7.141200000000000614e+01
7.176399999999999579e+01
7.211599999999999966e+01
7.246799999999998931e+01
7.281999999999999318e+01
7.317199999999999704e+01
7.352400000000000091e+01
7.387599999999999056e+01
7.422799999999999443e+01
7.457999999999999829e+01
7.493200000000000216e+01
7.528399999999999181e+01
7.563599999999999568e+01
7.598799999999999955e+01
7.634000000000000341e+01
7.669199999999999307e+01
7.704399999999999693e+01
7.739600000000000080e+01
7.774799999999999045e+01
7.809999999999999432e+01
7.845199999999999818e+01
7.880400000000000205e+01
7.915599999999999170e+01
7.950799999999999557e+01
7.985999999999999943e+01
8.021199999999998909e+01
8.056399999999999295e+01
8.091599999999999682e+01
8.126800000000000068e+01
8.161999999999999034e+01
8.197199999999999420e+01
8.232399999999999807e+01
8.267600000000000193e+01
8.302799999999999159e+01
8.337999999999999545e+01
8.373199999999999932e+01
8.408399999999998897e+01
8.443599999999999284e+01
8.478799999999999670e+01
8.514000000000000057e+01
8.549199999999999022e+01
8.584399999999999409e+01
8.619599999999999795e+01
8.654800000000000182e+01
8.689999999999999147e+01
8.725199999999999534e+01
8.760399999999999920e+01
8.795599999999998886e+01
8.830799999999999272e+01
8.865999999999999659e+01
8.901200000000000045e+01
8.936399999999999011e+01
8.971599999999999397e+01
9.006799999999999784e+01
9.042000000000000171e+01
9.077199999999999136e+01
9.112399999999999523e+01
9.147599999999999909e+01
9.182799999999998875e+01
9.217999999999999261e+01
9.253199999999999648e+01
9.288400000000000034e+01
9.323599999999999000e+01
9.358799999999999386e+01
9.393999999999999773e+01
9.429200000000000159e+01
9.464399999999999125e+01
9.499599999999999511e+01
9.534799999999999898e+01
9.569999999999998863e+01
9.605199999999999250e+01
9.640399999999999636e+01
9.675600000000000023e+01
9.710799999999998988e+01
9.745999999999999375e+01
9.781199999999999761e+01
9.816400000000000148e+01
9.851599999999999113e+01
9.886799999999999500e+01
9.921999999999999886e+01
9.957199999999998852e+01
9.992399999999999238e+01
1.002759999999999962e+02
1.006280000000000001e+02
1.009799999999999898e+02
1.013319999999999936e+02
1.016839999999999975e+02
1.020360000000000014e+02
1.023879999999999910e+02
1.027399999999999949e+02
1.030919999999999987e+02
1.034439999999999884e+02
1.037959999999999923e+02
1.041479999999999961e+02
1.045000000000000000e+02
1.048519999999999897e+02
1.052039999999999935e+02
1.055559999999999974e+02
1.059080000000000013e+02
1.062599999999999909e+02
1.066119999999999948e+02
1.069639999999999986e+02
1.073159999999999883e+02
1.076679999999999922e+02
1.080199999999999960e+02
1.083719999999999999e+02
1.087239999999999895e+02
1.090759999999999934e+02
1.094279999999999973e+02
1.097800000000000011e+02
1.101319999999999908e+02
1.104839999999999947e+02
1.108359999999999985e+02
1.111879999999999882e+02
1.115399999999999920e+02
1.118919999999999959e+02
1.122439999999999998e+02
1.125959999999999894e+02
1.129479999999999933e+02
1.132999999999999972e+02
1.136520000000000010e+02
1.140039999999999907e+02
1.143559999999999945e+02
1.147079999999999984e+02
1.150599999999999881e+02
1.154119999999999919e+02
1.157639999999999958e+02
1.161159999999999997e+02
1.164679999999999893e+02
1.168199999999999932e+02
1.171719999999999970e+02
1.175240000000000009e+02
1.178759999999999906e+02
1.182279999999999944e+02
1.185799999999999983e+02
1.189319999999999879e+02
1.192839999999999918e+02
1.196359999999999957e+02
1.199879999999999995e+02
1.203399999999999892e+02
1.206919999999999931e+02
1.210439999999999969e+02
1.213959999999999866e+02
1.217479999999999905e+02
1.220999999999999943e+02
1.224519999999999982e+02
1.228039999999999878e+02
1.231559999999999917e+02
1.235079999999999956e+02
1.238599999999999994e+02
1.242119999999999891e+02
1.245639999999999930e+02
