-1.454299999999999926e+01
-1.430899999999999928e+01
-1.407499999999999929e+01
-1.384099999999999930e+01
-1.360699999999999932e+01
-1.337299999999999933e+01
-1.313899999999999935e+01
-1.290499999999999936e+01
-1.267099999999999937e+01
-1.243699999999999939e+01
-1.220299999999999940e+01
-1.196899999999999942e+01
-1.173499999999999943e+01
-1.150099999999999945e+01
-1.126699999999999946e+01
-1.103299999999999947e+01
-1.079899999999999949e+01
-1.056499999999999950e+01
-1.033099999999999952e+01
-1.009699999999999953e+01
-9.862999999999999545e+00
-9.628999999999999559e+00
-9.394999999999999574e+00
-9.160999999999999588e+00
-8.926999999999999602e+00
-8.692999999999999616e+00
-8.458999999999999631e+00
-8.224999999999999645e+00
-7.990999999999999659e+00
-7.756999999999999673e+00
-7.522999999999999687e+00
-7.288999999999999702e+00
-7.054999999999999716e+00
-6.820999999999999730e+00
-6.586999999999999744e+00
-6.352999999999999758e+00
-6.118999999999999773e+00
-5.884999999999999787e+00
-5.650999999999999801e+00
-5.416999999999999815e+00
-5.182999999999999829e+00
-4.948999999999999844e+00
-4.714999999999999858e+00
-4.480999999999999872e+00
-4.246999999999999886e+00
-4.012999999999999901e+00
-3.778999999999999915e+00
-3.544999999999999929e+00
-3.310999999999999943e+00
-3.076999999999999957e+00
-2.842999999999999972e+00
-2.608999999999999986e+00
-2.375000000000000000e+00
-2.141000000000000014e+00
-1.907000000000000028e+00
-1.673000000000000043e+00
-1.439000000000000057e+00
-1.205000000000000071e+00
-9.710000000000000853e-01
-7.370000000000000995e-01
-5.030000000000001137e-01
-2.690000000000001279e-01
-3.500000000000014211e-02
1.989999999999998437e-01
4.329999999999998295e-01
6.669999999999998153e-01
9.009999999999998010e-01
1.134999999999999787e+00
1.368999999999999773e+00
1.603000000000001535e+00
1.836999999999999744e+00
2.070999999999997954e+00
2.304999999999999716e+00
2.539000000000001478e+00
2.772999999999999687e+00
3.006999999999997897e+00
3.240999999999999659e+00
3.475000000000001421e+00
3.708999999999999631e+00
3.942999999999997840e+00
4.176999999999999602e+00
4.411000000000001364e+00
4.644999999999999574e+00
4.878999999999997783e+00
5.112999999999999545e+00
5.347000000000001307e+00
5.580999999999999517e+00
5.814999999999997726e+00
6.048999999999999488e+00
6.283000000000001251e+00
6.516999999999999460e+00
6.750999999999997669e+00
6.984999999999999432e+00
7.219000000000001194e+00
7.452999999999999403e+00
7.686999999999997613e+00
7.920999999999999375e+00
8.155000000000001137e+00
8.388999999999999346e+00
8.622999999999997556e+00
8.856999999999999318e+00
9.091000000000001080e+00
9.324999999999999289e+00
9.558999999999997499e+00
9.792999999999999261e+00
1.002700000000000102e+01
1.026099999999999923e+01
1.049499999999999744e+01
1.072899999999999920e+01
1.096300000000000097e+01
1.119699999999999918e+01
1.143099999999999739e+01
1.166499999999999915e+01
1.189900000000000091e+01
1.213299999999999912e+01
1.236699999999999733e+01
1.260099999999999909e+01
1.283500000000000085e+01
1.306899999999999906e+01
1.330299999999999727e+01
1.353699999999999903e+01
1.377100000000000080e+01
1.400499999999999901e+01
1.423899999999999721e+01
1.447299999999999898e+01
1.470700000000000074e+01
1.494099999999999895e+01
1.517499999999999716e+01
1.540899999999999892e+01
1.564300000000000068e+01
1.587699999999999889e+01
1.611099999999999710e+01
1.634499999999999886e+01
1.657900000000000063e+01
1.681299999999999883e+01
1.704699999999999704e+01
1.728099999999999881e+01
1.751500000000000057e+01
1.774900000000000233e+01
1.798299999999999699e+01
1.821699999999999875e+01
1.845100000000000051e+01
1.868499999999999517e+01
1.891899999999999693e+01
1.915299999999999869e+01
1.938700000000000045e+01
1.962100000000000222e+01
1.985499999999999687e+01
2.008899999999999864e+01
2.032300000000000040e+01
2.055699999999999505e+01
2.079099999999999682e+01
2.102499999999999858e+01
2.125900000000000034e+01
2.149300000000000210e+01
2.172699999999999676e+01
2.196099999999999852e+01
2.219500000000000028e+01
2.242899999999999494e+01
2.266299999999999670e+01
2.289699999999999847e+01
2.313100000000000023e+01
2.336500000000000199e+01
2.359899999999999665e+01
2.383299999999999841e+01
2.406700000000000017e+01
2.430099999999999483e+01
2.453499999999999659e+01
2.476899999999999835e+01
2.500300000000000011e+01
2.523700000000000188e+01
2.547099999999999653e+01
2.570499999999999829e+01
2.593900000000000006e+01
2.617299999999999471e+01
2.640699999999999648e+01
2.664099999999999824e+01
2.687500000000000000e+01
2.710900000000000176e+01
2.734299999999999642e+01
2.757699999999999818e+01
2.781099999999999994e+01
2.804499999999999460e+01
2.827899999999999636e+01
2.851299999999999812e+01
2.874699999999999989e+01
2.898100000000000165e+01
2.921499999999999631e+01
2.944899999999999807e+01
2.968299999999999983e+01
2.991699999999999449e+01
3.015099999999999625e+01
3.038499999999999801e+01
3.061899999999999977e+01
3.085300000000000153e+01
3.108699999999999619e+01
3.132099999999999795e+01
3.155499999999999972e+01
3.178899999999999437e+01
3.202299999999999613e+01
3.225699999999999790e+01
3.249099999999999966e+01
3.272500000000000142e+01
3.295899999999999608e+01
3.319299999999999784e+01
3.342699999999999960e+01
3.366099999999999426e+01
3.389499999999999602e+01
3.412899999999999778e+01
3.436299999999999955e+01
3.459700000000000131e+01
3.483099999999999596e+01
3.506499999999999773e+01
3.529899999999999949e+01
3.553299999999999415e+01
3.576699999999999591e+01
3.600099999999999767e+01
3.623499999999999943e+01
3.646900000000000119e+01
3.670299999999999585e+01
3.693699999999999761e+01
3.717099999999999937e+01
3.740499999999999403e+01
3.763899999999999579e+01
3.787299999999999756e+01
3.810699999999999932e+01
3.834100000000000108e+01
3.857499999999999574e+01
3.880899999999999750e+01
3.904299999999999926e+01
3.927699999999999392e+01
3.951099999999999568e+01
3.974499999999999744e+01
3.997899999999999920e+01
4.021300000000000097e+01
4.044699999999999562e+01
4.068099999999999739e+01
4.091499999999999915e+01
4.114899999999999380e+01
4.138299999999999557e+01
4.161699999999999733e+01
4.185099999999999909e+01
4.208500000000000085e+01
4.231899999999999551e+01
4.255299999999999727e+01
4.278699999999999903e+01
4.302099999999999369e+01
4.325499999999999545e+01
4.348899999999999721e+01
4.372299999999999898e+01
4.395700000000000074e+01
4.419099999999999540e+01
4.442499999999999716e+01
4.465899999999999892e+01
4.489299999999999358e+01
4.512699999999999534e+01
4.536099999999999710e+01
4.559499999999999886e+01
4.582900000000000063e+01
4.606299999999999528e+01
4.629699999999999704e+01
4.653099999999999881e+01
4.676499999999999346e+01
4.699899999999999523e+01
4.723299999999999699e+01
4.746699999999999875e+01
4.770100000000000051e+01
4.793499999999999517e+01
4.816899999999999693e+01
4.840299999999999869e+01
4.863699999999999335e+01
4.887099999999999511e+01
4.910499999999999687e+01
4.933899999999999864e+01
4.957300000000000040e+01
4.980699999999999505e+01
5.004100000000000392e+01
5.027499999999999858e+01
5.050899999999999324e+01
5.074300000000000210e+01
5.097699999999999676e+01
5.121099999999999142e+01
5.144500000000000028e+01
5.167899999999999494e+01
5.191299999999998960e+01
5.214699999999999847e+01
5.238099999999999312e+01
5.261500000000000199e+01
5.284899999999999665e+01
5.308299999999999130e+01
5.331700000000000017e+01
5.355099999999999483e+01
5.378500000000000369e+01
5.401899999999999835e+01
5.425299999999999301e+01
5.448700000000000188e+01
5.472099999999999653e+01
5.495499999999999119e+01
5.518900000000000006e+01
5.542299999999999471e+01
5.565699999999998937e+01
5.589099999999999824e+01
5.612499999999999289e+01
5.635900000000000176e+01
5.659299999999999642e+01
5.682699999999999108e+01
5.706099999999999994e+01
5.729499999999999460e+01
5.752900000000000347e+01
5.776299999999999812e+01
5.799699999999999278e+01
